Tim 1 30 1543050760
Ernie 1 19 1527857253
Orin 1 22 1535077638
guess 18 11 1535828949
Lester 1 40 1481805857
Elliot 1 34 1479939519
Opie 1 32 1540923619
Irwin 1 25 1531814815
Toby 1 16 1522859868
Ethan 2 10 1522106864
Harvey 1 31 1542054297
Norm 1 38 1483934282
Henry 1 20 1526857808
Neil 1 18 1528987366
Fred 1 27 1537942173
Wesley 1 33 1539789885
George 1 30 1543052569
Oliver 1 15 1523857895
Cecil 1 26 1539074632
Nick 1 39 1482935223
Perry 1 39 1482932822
Clarence 1 22 1535077553
Walt 1 9 1522110548
Yogi 1 21 1534113290
Dustin 1 36 1477809849
Bob 1 31 1542053451
Ferris 1 35 1478940917
Ron 1 42 1487933011
Pat 1 23 1533944221
Bill 1 24 1532945071
Will 1 23 1533946760
Josh 1 40 1481805834
Marvin 1 19 1527855263
Graham 1 10 1520979972
Uri 1 34 1479942430
Albert 1 8 1514848820
Yuri 1 20 1526854003
Elmer 1 26 1539076215
Irving 2 0 1512119913
Calvin 1 39 1482935395
Harold 2 2 1514118818
Martin 2 4 1511788837
Wally 1 25 1531816099
Allen 1 29 1535813940
Niles 1 18 1528983817
Brandon 1 30 1543053502
Yanni 1 31 1542050249
Eugene 1 32 1540923025
Dean 1 34 1479940166
Jason 1 24 1532945917
Fergus 1 13 1526105266
Frasier 1 18 1528985772
Waldo 1 22 1535075385
Alfred 1 44 1487910784
Frank 1 23 1533945078
Ulysses 1 28 1536945358
Shawn 1 22 1535074671
Wyatt 1 22 1535075055
Bert 1 17 1530115117
Ulric 1 35 1478943157
DRA 2 20 1527789127
Tyler 1 20 1526857378
Connor 1 5 1518113201
Kevin 1 20 1526857863
Zim 1 17 1530114320
Vladimir 1 27 1537943018
Dan 1 19 1527855867
Reed 1 16 1522858538
Cory 1 17 1530117679
Xavier 1 12 1518847773
Derek 1 10 1520976649
Hank 1 10 1520978352
Jim 1 14 1524976238
Dave 1 10 1520978686
Vinny 1 18 1528984150
Xander 1 5 1518114142
Zane 1 8 1514852232
Rick 1 10 1520978527
Ivan 1 26 1539074112
Chad 1 11 1519846920
Ted 1 9 1522108537
Erik 1 6 1516984049
Jeff 1 6 1516984283
Adrian 1 7 1515855281
Gabe 1 4 1510855273
Troy 1 4 1510855444
Wayne 1 6 1516985864
Finn 1 3 1511857215
Don 1 4 1510858541
Eric 1 4 1510855789
Seth 1 10 1520979886
Victor 1 6 1516982573
Quinn 1 6 1516984429
John 1 7 1515853239
Wade 1 8 1514852007
Joe 1 6 1516985164
Tony 1 0 1513151232
Brad 1 6 1516986157
Chet 1 4 1510854810
