1030 824 92 -6 -77 0 17 -77 0
1193 1144 92 -5 -9 0 14 -9 0
1604 856 92 -2 131 0 7 131 0
1677 418 68 -3 155 0 9 155 0
1477 13 68 -2 133 0 6 133 0
729 188 68 -4 -19 0 11 -19 0
669 -52 68 -2 -32 0 6 -32 0
998 -341 68 -5 165 0 16 165 0
1001 -782 68 -2 161 0 5 161 0
682 -874 68 2 69 0 -5 69 0
444 -751 68 -4 -10 0 11 -10 0
58 -919 68 -5 13 0 15 13 0
136 -716 0 -1 85 0 2 85 0
273 256 68 -4 -68 0 11 -68 0
633 83 68 -3 156 0 8 156 0
389 406 68 3 9 0 -10 9 0
886 308 68 -2 152 0 6 152 0
722 564 116 1 59 0 -3 59 0
969 724 116 -2 158 0 6 158 0
741 998 116 -2 -98 0 7 -98 0
390 853 116 -5 65 0 15 65 0
581 1274 92 -2 155 0 7 155 0
-408 1269 44 -0 25 0 0 25 0
-885 1306 -32 -1 20 0 3 20 0
-632 764 44 -7 -150 0 22 -150 0
-1033 871 -32 -5 -1 0 15 -1 0
-1164 1192 -92 1 -52 0 -2 -52 0
-1150 661 -92 1 148 0 -3 148 0
-1499 599 -20 -2 3 0 6 3 0
-925 582 -32 -2 28 0 5 28 0
-790 257 -32 -1 95 0 4 95 0
-1012 497 -32 -3 -112 0 9 -112 0
-1210 497 -32 -3 -56 0 8 -56 0
-1099 30 -32 0 135 0 -1 135 0
-1251 -304 -32 -2 74 0 5 74 0
-897 -33 -32 -2 -101 0 6 -101 0
-787 -405 -32 -1 150 0 3 150 0
-461 -395 0 -0 112 0 1 112 0
-533 -60 0 -5 -89 0 14 -89 0
-383 -428 0 -3 61 0 8 61 0
165 256 0 -4 -115 0 11 -115 0
-380 256 0 -3 -71 0 8 -71 0
-383 532 0 -4 -26 0 13 -26 0
69 320 0 -3 144 0 10 144 0
101 916 44 -3 -149 0 10 -149 0
-170 1224 44 -3 -43 0 10 -43 0
196 1141 44 -2 172 0 6 172 0
