-1005 122 220 -2 -104 0 7 -104 0
722 1094 172 -5 -112 0 16 -112 0
776 1432 172 -4 -131 0 12 -131 0
-112 1365 100 1 -38 0 -3 -38 0
255 280 100 -3 146 0 8 146 0
-234 554 132 -3 3 0 8 3 0
-217 812 133 -3 -70 0 10 -70 0
-14 845 132 -2 -80 0 7 -80 0
296 1112 100 0 -148 0 -1 -148 0
879 886 100 -3 -180 0 9 -180 0
867 440 100 3 149 0 -10 149 0
1135 320 100 -3 -132 0 10 -132 0
1056 -6 100 -1 155 0 3 155 0
1196 -128 100 -3 -125 0 8 -125 0
1100 -668 132 -0 164 0 1 164 0
207 -678 100 -2 8 0 5 8 0
336 -179 132 -4 -117 0 12 -117 0
-52 -336 132 -2 93 0 5 93 0
-630 -276 132 -5 71 0 14 71 0
-767 -577 132 -3 -26 0 9 -26 0
-1420 -779 100 -2 23 -0 6 23 -0
-1735 375 221 -4 -5 0 11 -5 0
-1618 -39 220 -4 97 -0 13 97 -0
-1169 176 220 -4 -134 0 11 -134 0
-1323 -566 164 -4 17 0 11 17 0
-1456 -223 184 -4 -29 -0 11 -29 -0
-1588 -386 113 -0 -6 -0 1 -6 -0
-2389 -534 100 -1 -37 -0 3 -37 -0
-1939 151 164 -3 167 -0 10 167 -0
-1811 816 165 -0 1 0 1 1 0
-2160 1121 164 -2 -63 0 6 -63 0
-1429 965 164 1 -134 -0 -3 -134 -0
-1528 663 164 -1 96 -0 2 96 -0
-1888 352 164 -3 101 -0 8 101 -0
-2272 394 164 -1 35 0 2 35 0
-2695 592 164 -3 43 0 8 43 0
-2694 1013 164 -2 -50 0 7 -50 0
-2224 885 164 -3 144 0 9 144 0
-2352 1293 164 -3 -48 0 9 -48 0
-1448 1317 164 -4 -39 0 12 -39 0
-1047 1165 100 -4 118 0 11 118 0
