126 -1408 36 -1 128 0 2 128 0
-646 -1296 36 -2 12 0 7 12 0
-233 -433 100 -0 -85 -0 1 -85 -0
-282 -200 100 -3 -57 0 10 -57 0
1042 936 284 -4 -172 0 13 -172 0
-378 1373 164 -0 111 0 1 111 0
-670 1710 164 -2 -107 0 5 -107 0
-1200 966 164 1 -98 -0 -4 -98 -0
-2178 1222 132 -4 -2 -0 12 -2 -0
-2154 205 132 -2 -14 0 5 -14 0
-2056 440 164 2 42 0 -6 42 0
-2056 968 164 -4 -49 0 11 -49 0
-1304 1064 164 -2 -125 0 5 -125 0
-1112 584 164 -3 155 0 9 155 0
-1474 85 164 2 126 -0 -5 126 -0
-1744 584 164 1 -79 -0 -3 -79 -0
-1967 -868 37 -3 38 -0 8 38 -0
-1625 -885 37 0 111 -0 -1 111 -0
-1967 -121 100 -3 -50 0 8 -50 0
-1266 177 100 -1 -94 0 3 -94 0
-520 170 164 -2 133 0 7 133 0
-548 -546 100 -2 54 0 7 54 0
-778 8 100 -1 -45 0 4 -45 0
328 -16 100 -1 -162 0 3 -162 0
47 304 164 -2 -136 0 7 -136 0
47 719 164 1 -133 0 -4 -133 0
-266 948 260 -6 -161 0 18 -161 0
-611 1091 260 -5 -26 0 15 -26 0
-171 1176 260 -1 -133 0 3 -133 0
643 1176 284 -4 -136 0 13 -136 0
473 520 284 -2 64 0 5 64 0
654 408 284 -3 -106 0 8 -106 0
832 226 284 -7 -23 0 20 -23 0
1181 334 260 -5 -175 -0 15 -175 -0
803 -307 164 1 15 -0 -4 15 -0
1236 -512 164 -2 86 -0 5 86 -0
1609 -107 176 -1 -26 -0 2 -26 -0
2003 -111 132 -3 161 -0 9 161 -0
2103 195 164 -3 -169 -0 9 -169 -0
1535 517 164 -2 -104 -0 5 -104 -0
784 684 164 -4 -39 0 13 -39 0
793 1088 164 -3 -15 0 10 -15 0
1136 1099 164 -3 169 0 10 169 0
