714 1069 100 -3 -139 0 9 -139 0
1620 366 123 -5 142 0 15 142 0
959 -274 156 -2 24 0 6 24 0
630 -88 156 -5 -12 -0 15 -12 -0
287 -476 188 -4 47 -0 13 47 -0
46 -935 188 -2 49 0 6 49 0
-223 -1024 188 -1 7 0 2 7 0
-656 -674 188 -6 46 0 18 46 0
-518 -245 268 -6 -84 0 19 -84 0
-501 7 268 -6 -82 0 17 -82 0
-610 -315 268 -8 168 0 25 168 0
-827 -439 164 -4 94 -0 11 94 -0
-679 -349 164 -4 -164 -0 13 -164 -0
-710 166 162 -2 -121 -0 6 -121 -0
-1075 190 164 -2 -20 0 7 -20 0
-515 490 164 -4 77 0 12 77 0
-207 1067 130 -0 174 0 1 174 0
-90 773 100 -8 -86 0 23 -86 0
-305 1038 148 -2 -8 0 6 -8 0
-404 1398 148 -4 -80 -0 13 -80 -0
-672 1294 148 -4 -33 -0 13 -33 -0
-657 1040 148 -4 40 -0 13 40 -0
-478 884 164 -4 -24 -0 13 -24 -0
-643 793 164 -4 56 -0 12 56 -0
-906 473 164 -5 -44 -0 15 -44 -0
-1130 406 164 -4 61 0 11 61 0
-1170 697 164 -5 -85 -0 16 -85 -0
-1577 734 164 -5 -66 -0 14 -66 -0
-1797 415 164 -4 10 -0 13 10 -0
-1600 -30 164 -5 149 -0 14 149 -0
-1832 -56 164 -2 63 -0 7 63 -0
-1822 -722 276 -3 91 0 10 91 0
-1824 -516 276 -7 -105 -0 21 -105 -0
-2079 -658 276 -6 29 -0 19 29 -0
-2083 -242 220 -4 -49 0 12 -49 0
-1990 -542 164 -6 -5 -0 17 -5 -0
-2010 -900 164 -4 91 -0 13 91 -0
-1744 -930 164 -5 -162 -0 15 -162 -0
-1348 -834 164 -5 136 0 14 136 0
-1418 -354 164 -6 -41 0 19 -41 0
-1344 -281 164 -4 -42 0 13 -42 0
-1072 -682 188 -6 87 0 19 87 0
-868 -564 188 -3 -118 0 8 -118 0
-937 -933 188 -2 61 -0 5 61 -0
-568 -1034 188 -6 54 -0 17 54 -0
65 -509 188 -1 -72 -0 2 -72 -0
64 -508 188 -3 -67 0 10 -67 0
357 -1023 188 -2 106 -0 7 106 -0
519 -902 188 -6 8 0 19 8 0
747 -1026 188 -5 179 -0 15 179 -0
862 -346 156 -2 -122 0 7 -122 0
1472 -433 220 -5 53 -0 15 53 -0
1925 -138 220 -5 -76 -0 14 -76 -0
1801 -737 220 -4 95 0 13 95 0
1648 -165 156 -4 -161 0 13 -161 0
1740 15 156 -4 -4 0 12 -4 0
1367 399 100 -4 -10 0 11 -10 0
1679 569 100 -4 177 0 12 177 0
1103 447 100 -4 36 0 13 36 0
1353 806 100 -9 -39 0 27 -39 0
1000 598 132 -2 5 0 6 5 0
1024 1062 100 -3 -82 0 10 -82 0
555 591 100 -2 129 0 6 129 0
448 1069 100 -5 -57 0 15 -57 0
