760 1256 84 -3 -42 0 10 -42 0
1437 688 68 -0 -56 0 1 -56 0
1920 377 68 -5 159 -0 15 159 -0
2191 690 68 -2 -168 0 5 -168 0
2224 110 100 -5 158 -0 15 158 -0
1756 -3 124 -2 71 -0 5 71 -0
905 -251 100 -3 -153 -0 9 -153 -0
971 46 68 -1 -103 0 4 -103 0
1402 56 68 -2 -175 0 6 -175 0
1518 -328 124 -5 91 -0 16 91 -0
1939 -325 124 -4 140 0 11 140 0
2015 -623 124 -0 100 0 0 100 0
1724 -586 148 -5 96 0 15 96 0
1092 -507 124 -6 -5 -0 19 -5 -0
1325 -1083 124 -5 107 0 15 107 0
876 -1119 124 -4 88 0 12 88 0
534 -805 124 -5 -92 -0 14 -92 -0
428 -200 100 -5 -72 0 15 -72 0
-48 -473 100 -5 21 0 14 21 0
-89 -264 196 -6 169 0 18 169 0
-402 -200 164 -7 48 0 22 48 0
-980 82 132 -4 36 0 12 36 0
-633 1 132 -2 169 0 5 169 0
-932 321 132 -5 -53 0 14 -53 0
-177 301 100 -2 -69 -0 5 -69 -0
-139 71 37 -2 -179 0 6 -179 0
400 63 100 -6 173 -0 17 173 -0
170 433 100 -3 -100 -0 8 -100 -0
48 1750 132 -2 135 -0 6 135 -0
225 1382 116 -4 34 0 11 34 0
468 1891 84 -4 -70 0 12 -70 0
1153 1491 84 -3 -143 -0 10 -143 -0
1140 1156 84 -2 165 0 7 165 0
967 818 153 -9 79 0 28 79 0
915 395 84 -2 80 0 6 80 0
408 717 84 -2 -93 0 6 -93 0
233 719 100 -2 -112 -0 7 -112 -0
-128 457 100 -7 150 0 20 150 0
-370 473 100 -4 53 0 13 53 0
-408 1266 132 -4 -96 0 13 -96 0
-25 1154 132 -3 -29 0 10 -29 0
-2067 319 132 -5 -27 0 16 -27 0
-1816 -88 132 -4 115 0 13 115 0
-2384 59 132 -3 16 -0 8 16 -0
-2384 -390 132 -1 22 0 4 22 0
-1734 -239 132 -2 177 -0 5 177 -0
-1706 -583 132 -2 177 0 6 177 0
-2017 -560 132 -2 -118 -0 5 -118 -0
-2341 -763 132 -3 -0 -0 9 -0 -0
-2380 -1198 132 -2 39 -0 7 39 -0
-1942 -1032 244 -5 -84 0 15 -84 0
-1458 -1009 237 1 -18 0 -2 -18 0
-1045 -1446 200 -3 23 -0 8 23 -0
-547 -1597 204 -1 172 -0 3 172 -0
-60 -1433 196 -1 178 -0 3 178 -0
-321 -1316 196 -3 8 0 8 8 0
-401 -674 196 -2 -152 -0 7 -152 -0
-320 -472 196 -2 69 0 5 69 0
-700 -286 196 -3 3 -0 8 3 -0
-720 -666 196 -4 19 -0 11 19 -0
-1088 -847 164 -0 -1 0 0 -1 0
-1496 -909 164 -2 29 0 7 29 0
-1534 -492 132 -3 5 0 9 5 0
-1277 -384 132 -4 148 -0 11 148 -0
-1312 -79 132 -3 -123 -0 8 -123 -0
-1039 87 132 -6 169 -0 17 169 -0
-1044 462 132 -3 -122 -0 10 -122 -0
-1216 442 132 -3 -77 -0 10 -77 -0
-1759 128 132 -3 38 0 8 38 0
-1815 404 132 -3 -7 0 8 -7 0
-2031 389 132 -3 47 0 8 47 0
-2031 786 132 -3 -1 0 8 -1 0
-2015 1007 132 -2 -37 0 6 -37 0
-1077 757 132 -4 176 -0 13 176 -0
-1435 1081 132 -0 41 -0 1 41 -0
-961 1080 132 -6 168 -0 18 168 -0
-1235 1370 133 -4 -56 -0 11 -56 -0
-1432 1615 132 -3 -44 0 8 -44 0
-1122 1591 132 -1 -36 0 3 -36 0
-701 1448 132 -7 108 -0 21 108 -0
-698 1757 132 -2 -7 0 6 -7 0
-647 2240 132 -1 -63 0 2 -63 0
-40 2215 132 -5 -133 0 15 -133 0
