-1681 -1186 -52 -3 -124 0 9 -124 0
-1453 -1418 23 -6 43 -0 19 43 -0
-1088 -1695 60 -6 119 -0 19 119 -0
-992 -1612 100 -1 -0 -0 4 -0 -0
-1129 -1192 60 -1 -85 0 3 -85 0
-1455 -1733 60 -9 42 0 27 42 0
-1260 -1148 4 -3 -128 -0 8 -128 -0
-1651 -1430 -52 -6 138 0 18 138 0
-2077 -1233 12 -2 -4 -0 7 -4 -0
-2230 -1335 -52 -5 -9 0 15 -9 0
-2227 -859 -132 -1 -36 0 2 -36 0
-2365 -610 -132 -2 73 0 7 73 0
-1915 -493 -132 -2 -168 -0 5 -168 -0
-2203 256 -132 -2 -78 0 5 -78 0
-2233 661 -132 -4 -15 -0 11 -15 -0
-1566 306 -132 -2 110 -0 6 110 -0
-1350 735 -132 -1 -108 0 3 -108 0
-858 672 -132 -4 -173 -0 13 -173 -0
183 1208 -51 -7 64 0 21 64 0
1356 1821 -124 -2 -159 0 6 -159 0
1912 772 -148 -3 107 -0 9 107 -0
1814 1119 -148 -3 174 0 9 174 0
1168 1008 -124 -1 11 0 3 11 0
1064 1206 -124 -3 59 0 10 59 0
1139 1569 -124 -4 -96 -0 11 -96 -0
601 1534 -92 -3 -28 -0 10 -28 -0
414 1098 -92 -6 154 0 17 154 0
206 1137 -92 -6 -5 -0 18 -5 -0
232 662 4 -1 -73 -0 2 -73 -0
-249 713 4 -2 -20 -0 7 -20 -0
-531 547 4 -3 -18 -0 8 -18 -0
-548 323 4 -3 56 -0 10 56 -0
257 -804 36 0 137 0 -1 137 0
70 -1146 108 -6 74 -0 19 74 -0
549 -1130 108 -3 -172 0 9 -172 0
485 -1436 108 -1 81 0 3 81 0
281 -1669 108 -3 139 0 10 139 0
216 -2007 108 -2 98 0 5 98 0
37 -2167 108 -2 11 0 7 11 0
-245 -2177 108 -3 3 0 9 3 0
-569 -2077 108 -1 18 0 4 18 0
-661 -1754 108 -1 -33 0 4 -33 0
-617 -1411 108 -3 -177 0 9 -177 0
-827 -978 36 -1 -90 0 3 -90 0
-890 -592 36 -2 -52 0 6 -52 0
-558 -614 36 -2 -162 0 6 -162 0
-324 -470 36 -3 -62 0 10 -62 0
-427 -248 36 -2 -63 0 5 -63 0
-278 -113 36 -3 22 0 9 22 0
-170 173 36 -3 -95 -0 10 -95 -0
-849 192 4 -5 4 -0 14 4 -0
-787 -212 -44 -3 111 0 9 111 0
-1197 52 -100 -3 -7 -0 9 -7 -0
-1473 -152 -100 -5 19 0 15 19 0
-1327 179 -124 -1 163 -0 3 163 -0
-1365 453 -12 -8 -155 0 24 -155 0
-1117 473 -12 -5 175 -0 15 175 -0
-1221 1143 -60 -4 -52 0 12 -52 0
-650 866 -60 -5 98 -0 14 98 -0
-229 856 -60 -5 -161 -0 14 -161 -0
-358 1276 -60 -0 -89 0 1 -89 0
14 1111 -92 -1 170 -0 3 170 -0
69 1400 -92 -0 -156 -0 0 -156 -0
-85 1904 -92 -0 -70 0 1 -70 0
538 1746 -92 -2 -112 -0 7 -112 -0
265 2022 -92 -2 -46 0 6 -46 0
51 2266 -124 -3 -72 0 8 -72 0
