-124 -827 100 -3 116 -0 10 116 -0
-528 -752 196 -1 43 0 2 43 0
-538 -705 196 -1 53 0 3 53 0
-656 -792 164 -3 174 0 9 174 0
-1022 -576 164 -3 -66 0 9 -66 0
-656 -217 100 0 -98 0 -0 -98 0
-1022 -456 100 -2 33 0 5 33 0
-1136 -151 100 -3 4 0 8 4 0
-1136 283 100 -3 41 -0 10 41 -0
-232 -162 164 -4 94 0 12 94 0
-602 -225 100 -3 10 -0 8 10 -0
-606 -616 100 -3 29 -0 9 29 -0
469 -856 100 -3 -112 -0 8 -112 -0
-41 -185 164 -12 12 0 36 12 0
315 -518 100 -1 61 0 3 61 0
-48 -232 100 0 -55 0 -0 -55 0
327 -119 100 -2 156 0 7 156 0
311 249 100 -2 -125 -0 5 -125 -0
-123 815 100 -3 -86 0 10 -86 0
744 1281 164 -4 -107 0 11 -107 0
668 1851 196 2 -110 0 -5 -110 0
48 1720 100 -2 -146 0 7 -146 0
154 1472 164 -4 69 0 13 69 0
208 1784 164 -5 -35 0 15 -35 0
-65 1407 108 -2 -97 0 7 -97 0
-31 1094 100 -4 102 0 12 102 0
-509 1364 100 -4 -85 0 12 -85 0
-528 873 100 -2 49 0 7 49 0
175 1031 100 -4 -142 0 13 -142 0
284 392 196 -3 100 0 10 100 0
732 802 164 -3 -170 0 9 -170 0
743 232 164 -3 155 0 10 155 0
378 448 164 -2 -63 0 7 -63 0
377 -126 100 -3 26 0 10 26 0
743 112 100 -2 -123 0 6 -123 0
563 -193 100 -3 -91 0 10 -91 0
857 -193 100 -3 -131 0 10 -131 0
335 -548 100 -2 32 0 6 32 0
857 -631 100 -4 147 0 13 147 0
593 -1049 100 -4 -175 0 11 -175 0
187 -1145 100 -3 117 0 8 117 0
-360 -1004 100 -3 -82 0 9 -82 0
-454 -1362 100 -4 44 0 11 44 0
248 -1435 100 -4 176 0 13 176 0
249 -1216 100 -5 -121 0 15 -121 0
472 -1721 100 -3 142 0 10 142 0
-318 -2042 100 -3 -3 0 8 -3 0
-386 -2254 196 -8 34 0 25 34 0
-670 -2256 196 -4 103 0 12 103 0
-1023 -2101 164 -3 30 0 8 30 0
-1017 -1175 164 -4 14 0 11 14 0
-735 -1249 164 -3 -91 0 8 -91 0
-250 -1432 100 -1 -22 0 2 -22 0
-134 -1740 100 -8 167 0 24 167 0
