-206 1043 164 -7 85 0 20 85 0
-391 837 164 -3 -156 0 10 -156 0
-476 310 164 -4 92 -0 11 92 -0
-206 467 140 -6 -65 0 18 -65 0
23 537 100 -4 -63 0 11 -63 0
191 680 100 -3 -28 -0 8 -28 -0
-30 -19 37 -5 -56 -0 14 -56 -0
111 -425 37 -5 113 0 14 113 0
-349 -258 37 -4 -63 0 11 -63 0
-730 -517 21 -2 97 0 7 97 0
-358 -1060 5 -4 26 0 11 26 0
-683 -827 5 1 -141 -0 -4 -141 -0
-1248 -862 5 -3 30 0 8 30 0
-1237 -120 69 -5 -28 0 15 -28 0
-1248 -360 5 -7 -48 0 20 -48 0
-1074 -128 5 -3 -14 0 9 -14 0
-1073 230 5 -1 -96 -0 2 -96 -0
-1242 249 5 -0 -91 -0 0 -91 -0
-1419 -13 5 -1 115 0 2 115 0
-1590 108 33 -3 18 0 8 18 0
-1592 415 5 -6 73 0 17 73 0
-1693 763 5 -2 33 0 7 33 0
-1720 1126 5 -3 31 0 10 31 0
-1715 1357 5 -4 -60 -0 11 -60 -0
-1398 1140 37 -6 164 -0 17 164 -0
-888 1195 37 -3 -161 -0 8 -161 -0
-1003 1592 37 -4 -76 0 13 -76 0
-516 1508 44 -3 -169 0 10 -169 0
-493 1289 44 -5 19 -0 15 19 -0
-204 1386 44 1 -77 0 -3 -77 0
166 1292 44 -7 164 -0 20 164 -0
73 1957 44 -2 -99 0 7 -99 0
261 1681 44 -3 120 0 8 120 0
1328 1234 -76 -4 -30 -0 13 -30 -0
1319 763 -76 -3 14 -0 9 14 -0
1526 603 -36 -5 -174 -0 15 -174 -0
1670 803 -76 -4 109 -0 13 109 -0
2150 738 -124 -3 132 -0 8 132 -0
2177 983 -124 -3 169 -0 10 169 -0
2132 1277 -124 -3 -91 -0 9 -91 -0
1950 1422 -124 -3 -88 -0 9 -88 -0
1605 1561 -76 -4 1 -0 12 1 -0
1496 1785 -44 -3 -98 0 9 -98 0
1143 1824 -44 -2 -4 -0 6 -4 -0
1053 1554 -4 -3 95 0 10 95 0
695 1583 44 -5 -2 -0 14 -2 -0
707 1347 68 -5 82 -0 15 82 -0
1212 1209 90 -10 -14 0 29 -14 0
1064 1086 100 -1 143 0 2 143 0
1052 770 100 -3 -167 0 9 -167 0
825 611 100 -3 18 -0 10 18 -0
989 211 76 -4 127 -0 13 127 -0
1383 158 -36 -4 76 -0 12 76 -0
1800 449 4 -6 -141 0 17 -141 0
1854 -76 5 -4 -172 0 13 -172 0
1612 -111 5 -3 -179 -0 9 -179 -0
1582 -324 5 -3 27 -0 9 27 -0
1784 -610 5 -5 147 0 15 147 0
1384 -633 5 -4 42 0 11 42 0
794 -540 5 -4 -16 -0 13 -16 -0
996 -1069 5 -2 115 0 5 115 0
265 -920 5 -3 -66 -0 8 -66 -0
296 -1263 12 -4 95 0 11 95 0
-32 -1397 5 -4 7 0 11 7 0
