-1199 -1686 170 -5 4 0 15 4 0
-1543 -711 172 -5 162 -0 14 162 -0
-1285 -261 172 -3 178 -0 9 178 -0
-1279 2 173 -2 166 -0 7 166 -0
-1314 1252 148 -7 -115 -0 20 -115 -0
-1547 1213 148 -6 -35 -0 18 -35 -0
-1376 930 149 -4 -122 0 12 -122 0
-1550 498 196 -9 8 -0 28 8 -0
-1559 29 196 -9 54 0 26 54 0
-1180 273 172 -4 -175 -0 13 -175 -0
-1029 -246 100 -5 37 -0 15 37 -0
-580 20 112 -3 168 -0 9 168 -0
-330 -176 100 -4 148 -0 12 148 -0
-205 395 100 -5 -157 0 16 -157 0
79 -210 100 -3 75 0 9 75 0
694 -686 172 -7 67 0 20 67 0
511 -1150 172 -3 120 -0 10 120 -0
577 -1043 172 -2 148 -0 7 148 -0
296 -634 172 -4 -91 -0 11 -91 -0
16 -684 172 -3 -61 -0 8 -61 -0
16 -1130 172 -3 6 -0 8 6 -0
389 -1432 100 -4 -144 0 11 -144 0
377 -2157 100 -1 116 0 3 116 0
16 -2120 100 -10 23 0 31 23 0
-222 -2054 100 -6 124 0 17 124 0
-545 -2120 100 -6 35 0 19 35 0
-1070 -2064 132 -3 68 -0 8 68 -0
-795 -2142 133 -7 120 0 21 120 0
-712 -1931 133 -4 -122 0 13 -122 0
-522 -1487 100 -5 -92 -0 14 -92 -0
-758 -1179 100 -6 85 -0 17 85 -0
-734 -1456 156 -6 98 0 18 98 0
-898 -1387 172 -6 13 0 19 13 0
-1127 -1177 173 -6 -15 -0 19 -15 -0
-1319 -1647 172 -8 133 0 23 133 0
-1617 -1622 172 -6 61 0 18 61 0
-1663 -1448 172 -3 38 0 9 38 0
-1449 -918 172 -4 -78 0 12 -78 0
-1672 -596 172 -10 22 0 29 22 0
-1582 -227 172 -6 -92 0 19 -92 0
-1865 -209 156 -7 -36 0 20 -36 0
-1932 -487 149 -5 91 0 16 91 0
-2232 -161 148 -2 25 -0 6 25 -0
-2018 255 149 -3 -160 0 8 -160 0
-2463 -293 148 -4 22 -0 12 22 -0
-2744 -395 149 -7 12 0 20 12 0
-2732 321 192 -5 -31 0 15 -31 0
-2688 782 148 -7 -69 0 21 -69 0
-2269 775 148 -4 -94 0 13 -94 0
-1732 729 148 -4 107 0 13 107 0
-1807 969 137 -3 -152 -0 10 -152 -0
-1826 1463 84 -5 -102 -0 14 -102 -0
-2006 1554 84 -5 3 0 14 3 0
-1891 2032 85 -4 -113 0 13 -113 0
-1420 1696 84 -3 -167 -0 9 -167 -0
-1264 1604 84 -4 53 -0 12 53 -0
-1140 2026 84 -4 -92 0 11 -92 0
-696 2009 84 -5 -148 0 15 -148 0
-713 1464 84 -1 -118 0 4 -118 0
-707 1066 84 -5 91 -0 14 91 -0
-343 1063 84 -5 160 -0 16 160 -0
-542 1410 84 -5 29 0 14 29 0
-540 1697 84 -6 26 0 17 26 0
-212 1587 78 -4 121 -0 12 121 -0
303 1839 52 -6 -161 0 18 -161 0
296 1353 52 -4 99 0 11 99 0
1148 1125 116 -8 -126 -0 24 -126 -0
878 1340 60 -1 -75 -0 4 -75 -0
682 1158 53 -4 10 0 12 10 0
289 1088 52 -4 34 0 11 34 0
-142 873 76 -2 82 -0 6 82 -0
136 776 76 -5 -121 0 14 -121 0
153 515 97 -4 150 0 11 150 0
181 -119 101 -5 145 0 16 145 0
82 -527 100 -4 76 -0 11 76 -0
498 -342 196 -6 -96 0 19 -96 0
898 -544 172 -3 -166 -0 10 -166 -0
856 15 172 -3 -101 -0 10 -101 -0
655 367 173 -4 -49 0 13 -49 0
965 367 173 -4 -81 0 12 -81 0
1266 56 116 -3 93 -0 10 93 -0
1252 582 116 -2 -2 0 7 -2 0
1658 848 116 -4 -141 0 13 -141 0
1921 755 154 -3 -170 0 9 -170 0
1883 139 116 -5 172 -0 14 172 -0
